672069
3453153
3417064
4252874
6390133
1195296
225337
2123838
4274545
5059119
444635
857468
113361
682784
6322436
3172800
536029
471157
2591461
4757860
1843156
5190669
1537120
2899175
2316961
576892
1777451
82945
3133152
46880
2592417
7140797
227852
1667624
974033
6838272
7691852
63856
687688
350416
173799
3893073
6139765
3215771
3570198
957330
3426292
1423864
783142
661793
4801923
1999360
195192
3016029
937024
1155625
285999
89490
1827092
1246560
997489
1
4951431
206118
6936051
4901864
532550
4149406
2268801
6559009
943020
700588
3145602
317985
852500
477657
2699007
84515
3879162
2882320
2452620
274108
1045756
97955
1297440
1217412
3341460
615991
68505
2906752
609785
698105
3264360
7116354
1213283
160725
1272598
6860713
546049
1040905
